#sauvedes V4.01
##### initialisations
#logo
RAZ     	#remise a z‚ro des pointeurs : xyz , pile dessin , ...

CHFT pol1	#charger la police 1
affinume
ecri
#ecriz
UANG		#unit‚ d'angle GRADES
3
SIZT 10 10 0 0 1	#hx=hy=10,ang=0,alph=0
SYMB
0
ECAR
1.05
PLU
4
HZ
10
RCER
0
ESHA
5
ANHA
50
ORIG
0
NBDE
2
COTA
2.0 2.0 0.
TYCO
1
PLZ
0
#
RAYO 2		# ecran modif
rseg 1		# ecran new
raligne 1.	# ecran new
#
rayodigit .40	# digit new
rsegdigit .40   # digit new
ralidigit .01	# digit new
tolresol  0.01	#.10	# digit new
#
tolsurfaces 5.7 #
tolsdigit   1.0	#
tolcourbes 0.06 #
#
nbdz
2
ARR
0.001
MIRE
64 64 3
RECH
1
RTRG
2
HTXM
2
LIMCER
200000
 BLOC
 1
PLAN inconnu
 1
 TRAI
 1
 trai2
 0
 trai3
 0
 EPT1
 0
 EMAR
 50
 SPLA

 SBLO

menu9 #afficher la page 1 du menu ecran
mouse		# mouse en fonction apres l'execution des commandes
#		# de depart.p65
$ldeauto	# charger le dernier dessin sauve
$sdeauto   120	# sauve auto frequence commandes et apres fin  vd=20 minutes
#$sauvauto	# sauve dans temp%%%% apres fin si pas de $sde avant sortie
masque -125 -44
charvue		# dessiner la vue apres charge
#bplumes	# dessin traceur dans l'ordre des plumes
endinit	##### fin en tˆte
XYZ
 9000001 371.8015 952.5480 93.9740 0 0 0 0
 9000002 666.6463 1199.4760 129.1670 0 0 0 0
 3000001 500.0000 1094.6540 116.8370 0 0 60 0
 3000002 605.7480 1037.1460 107.5350 0 0 60 0
 3000003 424.8140 1199.4760 129.1670 0 0 60 0
 3000004 418.0910 1185.6480 127.1900 0 0 60 0
 3000005 398.8160 1138.2180 120.9240 0 0 60 0
 3000006 397.8070 1133.2330 120.0820 0 0 60 0
 3000007 392.3760 1119.8850 118.1750 0 0 60 0
 3000008 384.6540 1122.2880 118.4030 0 0 60 0
 3000009 400.3590 1106.3040 116.6170 0 0 60 0
 3000010 380.1970 1109.4060 116.2310 0 0 60 0
 3000011 383.6560 1098.0540 115.7050 0 0 60 0
 3000012 372.0120 1102.2020 115.2670 0 0 60 0
 3000013 400.1560 1093.3050 115.6620 0 0 60 0
 3000014 405.1690 1109.1240 117.1840 0 0 60 0
 3000015 408.8940 1122.0090 119.0500 0 0 60 0
 3000016 412.4520 1133.7370 120.6050 0 0 60 0
 3000017 428.1790 1127.9150 120.4210 0 0 60 0
 3000018 422.0800 1109.1500 117.5470 0 0 60 0
 3000019 419.0760 1097.8840 116.2020 0 0 60 0
 3000020 436.1840 1095.6560 115.9950 0 0 60 0
 3000021 440.3010 1109.5030 118.0460 0 0 60 0
 3000022 444.4680 1123.9340 120.4210 0 0 60 0
 3000023 460.7200 1119.4950 120.2310 0 0 60 0
 3000024 451.6790 1093.2800 115.8960 0 0 60 0
 3000025 468.1480 1086.6140 115.2260 0 0 60 0
 3000026 472.7270 1100.4230 117.3230 0 0 60 0
 3000027 477.5540 1115.1500 119.9030 0 0 60 0
 3000028 494.2530 1110.3310 119.5110 0 0 60 0
 3000029 489.3510 1097.4400 117.1120 0 0 60 0
 3000030 483.9200 1083.1060 114.6260 0 0 60 0
 3000031 500.0740 1077.1520 113.3790 0 0 60 0
 3000032 505.3890 1092.2840 116.4430 0 0 60 0
 3000033 510.4130 1106.3540 119.0610 0 0 60 0
 3000034 523.7020 1103.3430 118.6450 0 0 60 0
 3000035 519.3480 1090.8090 116.0930 0 0 60 0
 3000036 514.8270 1077.3660 113.2850 0 0 60 0
 3000037 528.3390 1072.3420 112.2350 0 0 60 0
 3000038 532.7640 1083.9290 114.7230 0 0 60 0
 3000039 521.8790 1043.7000 106.9350 0 0 60 0
 3000040 518.0450 1032.0310 104.7660 0 0 60 0
 3000041 503.9930 1035.9380 105.6170 0 0 60 0
 3000042 506.1180 1047.9140 107.7560 0 0 60 0
 3000043 489.0350 1064.4190 110.7370 0 0 60 0
 3000044 494.5730 1051.2510 108.4690 0 0 60 0
 3000045 535.5210 1031.6790 105.1330 0 0 60 0
 3000046 539.8820 1045.8500 107.2740 0 0 60 0
 3000047 543.8430 1058.9560 109.7010 0 0 60 0
 3000048 546.8710 1073.6270 112.1990 0 0 60 0
 3000049 562.5240 1068.9080 111.5620 0 0 60 0
 3000050 558.0840 1053.0430 108.7670 0 0 60 0
 3000051 555.0820 1040.3850 106.4980 0 0 60 0
 3000052 551.8250 1027.1610 104.3880 0 0 60 0
 3000053 567.7690 1022.7500 103.8760 0 0 60 0
 3000054 571.2080 1036.9640 106.3680 0 0 60 0
 3000055 574.9250 1050.8620 109.0250 0 0 60 0
 3000056 578.3550 1066.1560 111.7430 0 0 60 0
 3000057 593.9880 1062.7980 111.5290 0 0 60 0
 3000058 590.7900 1047.6350 108.7650 0 0 60 0
 3000059 587.6730 1032.4640 105.8290 0 0 60 0
 3000060 584.8700 1017.6360 103.2160 0 0 60 0
 3000061 601.8190 1013.1540 103.0080 0 0 60 0
 3000062 603.7950 1027.3560 105.6480 0 0 60 0
 3000063 607.8210 1047.6840 109.5090 0 0 60 0
 3000064 609.9670 1060.2980 111.5930 0 0 60 0
 3000065 625.9400 1057.2910 111.2200 0 0 60 0
 3000066 622.6400 1039.3460 108.2500 0 0 60 0
 3000067 619.6770 1022.9320 105.4490 0 0 60 0
 3000068 617.2390 1008.1980 102.7530 0 0 60 0
 3000069 632.6680 1004.1490 102.6910 0 0 60 0
 3000070 636.0230 1018.4990 105.1020 0 0 60 0
 3000071 639.5300 1034.5700 107.5830 0 0 60 0
 3000072 643.5870 1054.5650 110.7480 0 0 60 0
 3000073 664.2040 1057.3610 112.0810 0 0 60 0
 3000074 659.6600 1051.7820 110.4780 0 0 60 0
 3000075 663.0560 1051.8650 110.8380 0 0 60 0
 3000076 656.8140 1034.6380 108.0170 0 0 60 0
 3000077 649.8210 1018.1440 105.4460 0 0 60 0
 3000078 657.2720 1017.8390 105.7890 0 0 60 0
 3000079 658.6000 1012.3830 0.0000 0 0 60 0
 3000080 645.0590 998.3820 102.5880 0 0 60 0
 3000081 658.0340 995.4850 102.9710 0 0 60 0
 3000082 553.7040 982.1760 97.2780 0 0 60 0
 3000083 539.5800 988.3790 97.9900 0 0 60 0
 3000084 524.4200 994.0600 98.8230 0 0 60 0
 3000085 519.3090 995.8490 99.1030 0 0 60 0
 3000086 516.1420 1000.6140 98.9170 0 0 60 0
 3000087 505.3800 1000.7920 99.8450 0 0 60 0
 3000088 503.6140 1004.6830 99.7500 0 0 60 0
 3000089 492.5930 1004.3570 100.5330 0 0 60 0
 3000090 493.1080 1007.6610 100.3320 0 0 60 0
 3000091 477.3190 1007.9810 101.3080 0 0 60 0
 3000092 478.0220 1011.1330 101.0610 0 0 60 0
 3000093 488.5240 1051.8000 108.2920 0 0 60 0
 3000094 477.4240 1048.6710 107.7560 0 0 60 0
 3000095 482.9240 1035.0520 105.3870 0 0 60 0
 3000096 584.7510 970.2070 95.6650 0 0 60 0
 3000097 612.9520 956.6670 94.1620 0 0 60 0
 3000098 616.9900 957.3390 94.2270 0 0 60 0
 3000099 611.6660 952.5480 93.9740 0 0 60 0
 3000100 610.7300 1127.5340 123.3410 0 0 60 0
 3000101 538.5430 1079.1420 113.7890 0 0 60 0
 3000102 539.3190 1094.2780 116.9930 0 0 60 0
 3000103 543.7170 1107.7720 119.7170 0 0 60 0
 3000104 547.3390 1122.2780 122.1720 0 0 60 0
 3000105 550.9750 1136.5020 124.7180 0 0 60 0
 3000106 555.1750 1150.8360 126.7520 0 0 60 0
 3000107 567.5680 1141.6280 125.5760 0 0 60 0
 3000108 563.8270 1128.3550 123.2680 0 0 60 0
 3000109 559.3440 1114.3260 120.7390 0 0 60 0
 3000110 555.6720 1100.3400 117.9940 0 0 60 0
 3000111 551.5230 1086.4260 115.1780 0 0 60 0
 3000112 548.9540 1076.3360 113.1420 0 0 60 0
 3000113 564.1470 1076.5560 113.2480 0 0 60 0
 3000114 578.8290 1098.5640 117.9320 0 0 60 0
 3000115 572.8550 1104.8560 118.7830 0 0 60 0
 3000116 576.5630 1117.6560 121.3780 0 0 60 0
 3000117 580.7780 1132.6570 124.2290 0 0 60 0
 3000118 593.0380 1123.0400 122.5780 0 0 60 0
 3000119 588.7900 1109.2050 119.9480 0 0 60 0
 3000120 584.4410 1095.2570 117.1230 0 0 60 0
 3000121 580.9960 1083.3860 114.9800 0 0 60 0
 3000122 578.0030 1071.2390 113.0180 0 0 60 0
 3000123 594.8820 1067.5870 112.7200 0 0 60 0
 3000124 598.1330 1080.0970 114.7360 0 0 60 0
 3000125 601.5890 1093.0870 117.0520 0 0 60 0
 3000126 604.4430 1105.1130 119.3830 0 0 60 0
 3000127 606.7970 1114.8530 121.1910 0 0 60 0
 3000128 619.6430 1104.7590 119.3530 0 0 60 0
 3000129 615.4180 1090.7820 116.8150 0 0 60 0
 3000130 611.0800 1076.5190 114.3060 0 0 60 0
 3000131 608.2710 1066.5120 112.7720 0 0 60 0
 3000132 609.0320 1063.3620 112.4600 0 0 60 0
 3000133 624.6450 1062.2830 112.1500 0 0 60 0
 3000134 628.9490 1074.8250 113.9780 0 0 60 0
 3000135 633.0260 1090.6530 116.7370 0 0 60 0
 3000136 647.4480 1087.1640 116.2470 0 0 60 0
 3000137 643.5860 1072.6020 113.5640 0 0 60 0
 3000138 642.7670 1064.6250 112.3990 0 0 60 0
 3000139 639.6790 1058.5840 111.9070 0 0 60 0
 3000140 653.1520 1056.4320 111.5580 0 0 60 0
 3000141 655.9350 1071.4460 113.6200 0 0 60 0
 3000142 659.3650 1084.3790 115.9460 0 0 60 0
 3000143 661.5240 1067.2540 113.0180 0 0 60 0
 3000144 470.8320 1043.7640 107.1760 0 0 60 0
 3000145 450.5300 1070.7230 111.8870 0 0 60 0
 3000146 432.8550 1077.5940 112.7020 0 0 60 0
 3000147 443.1480 1095.9770 116.0810 0 0 60 0
 3000148 555.2480 1012.2870 101.8950 0 0 60 0
 3000149 551.6370 998.5090 99.6920 0 0 60 0
 3000150 540.5550 1007.0730 101.0160 0 0 60 0
 3000151 545.0360 1020.7550 103.3310 0 0 60 0
 3000152 479.5060 1055.8280 108.9130 0 0 60 0
 3000153 480.7450 1059.0410 109.8700 0 0 60 0
 3000154 484.8870 1065.1950 110.9100 0 0 60 0
 3000155 468.8660 1055.0340 108.8350 0 0 60 0
 3000156 452.3110 1060.3340 109.7140 0 0 60 0
 3000157 438.5550 1064.2430 110.0150 0 0 60 0
 3000158 417.8120 1068.5750 110.4530 0 0 60 0
 3000159 403.2680 1070.8510 110.5740 0 0 60 0
 3000160 456.2960 1063.3860 110.4570 0 0 60 0
 3000161 457.8850 1065.9250 111.0650 0 0 60 0
 3000162 442.8910 1070.7750 111.7380 0 0 60 0
 3000163 440.7140 1067.5980 110.8880 0 0 60 0
 3000164 428.0480 1073.4850 111.9360 0 0 60 0
 3000165 426.1230 1071.1190 110.9660 0 0 60 0
 3000166 408.5710 1075.0400 111.4450 0 0 60 0
 3000167 409.5180 1077.3110 112.4060 0 0 60 0
 774 412.8338 1093.4815 0.0000 0 0 60 0
 779 499.0144 1069.5255 0.0000 0 0 92 0
 778 523.2780 1049.7741 0.0000 0 0 92 0
 780 493.4505 1046.7956 0.0000 0 0 92 0
 764 523.5923 989.0396 0.0000 0 0 60 0

BLOC
1
PLAN perimetre
1
CHFT POL1
SIZT 10.0000 10.0000 0.0000 0.0000 1.0000
SYMB
0
ECAR
 1.05
PLU
4
HZ
 10.00
RCER
 0.00
ESHA
 5.00
ANHA
 50.0000
NBDE
2
COTA
 2.00 2.00 1.80
RAYO 5.00
RSEG 5.00
RALIGNE 1.00
RAYODIGI 0.40
RSEGDIGI 0.40
RALIDIGI 0.01
TOLRESOL 0.01
TOLSURFA 5.70
TOLSDIGI 1.00
TOLCOURB 0.06
TRAI
1
TRAI2
0
TRAI3
0
EPT1
0
ENDINIT
TRAI
13
TRAI
1
PLU
2
BLOC
2
PLAN cniv
1
LISS
 3000168 537.5495 994.7220 99.0000 0 0 60 0
 3000169 542.8883 994.3257 99.0000 0 0 60 0
 3000170 546.6139 993.8155 99.0000 0 0 60 0
 3000171 551.1119 993.5835 99.0000 0 0 60 0

LISS
 3000172 517.4855 1010.3460 101.0000 0 0 60 0
 3000173 524.2982 1009.7930 101.0000 0 0 60 0
 3000174 531.2251 1008.9406 101.0000 0 0 60 0
 3000175 538.7926 1007.4625 101.0000 0 0 60 0
 3000176 545.6090 1006.5930 101.0000 0 0 60 0
 3000177 550.2805 1006.4104 101.0000 0 0 60 0
 3000178 555.8520 1006.4126 101.0000 0 0 60 0

LISS
 3000179 514.4970 1015.4870 101.9900 0 0 60 0
 3000180 521.0336 1015.5161 102.0000 0 0 60 0
 3000181 527.6135 1014.5646 102.0000 0 0 60 0
 3000182 534.8283 1013.4623 102.0000 0 0 60 0
 3000183 540.8497 1012.9000 102.0000 0 0 60 0
 3000184 547.8646 1012.6501 102.0000 0 0 60 0
 3000185 553.8003 1012.6407 102.0000 0 0 60 0
 3000186 558.2964 1012.5669 102.0000 0 0 60 0

LISS
 3000187 510.0849 1021.8612 103.0000 0 0 60 0
 3000188 518.4269 1021.8168 103.0000 0 0 60 0
 3000189 525.6857 1021.0157 103.0000 0 0 60 0
 3000190 532.4258 1019.9078 103.0000 0 0 60 0
 3000191 537.2630 1019.0942 103.0000 0 0 60 0
 3000192 544.9299 1018.5828 103.0000 0 0 60 0
 3000193 552.2442 1018.4472 103.0000 0 0 60 0
 3000194 559.7357 1018.0446 103.0000 0 0 60 0

LISS
 3000195 507.2817 1027.3839 104.0000 0 0 60 0
 3000196 515.9689 1027.5969 104.0000 0 0 60 0
 3000197 523.1152 1026.9369 104.0000 0 0 60 0
 3000198 531.7563 1025.6931 104.0000 0 0 60 0
 3000199 538.9045 1024.8750 104.0000 0 0 60 0
 3000200 547.9957 1024.3804 104.0000 0 0 60 0
 3000201 559.4720 1024.4660 104.0240 0 0 60 0

LISS
 3000202 563.7835 1023.7904 104.0000 0 0 60 0
 3000203 573.7822 1022.8474 104.0000 0 0 60 0
 3000204 582.1470 1022.2177 104.0000 0 0 60 0
 3000205 590.7176 1021.5745 104.0000 0 0 60 0
 3000206 595.6978 1020.7150 104.0000 0 0 60 0
 3000207 601.1926 1019.1651 104.0000 0 0 60 0
 3000208 608.4492 1017.2086 104.0000 0 0 60 0
 3000209 616.8269 1015.4710 104.0000 0 0 60 0
 3000210 624.9969 1013.9051 104.0000 0 0 60 0
 3000211 634.6445 1011.8658 104.0000 0 0 60 0
 3000212 641.9334 1009.8464 104.0000 0 0 60 0
 3000213 650.2594 1007.1268 104.0000 0 0 60 0
 3000214 656.9552 1004.4039 104.0000 0 0 60 0

LISS
 3000215 592.8398 1014.7458 103.0000 0 0 60 0
 3000216 599.1851 1013.5541 103.0000 0 0 60 0
 3000217 607.8336 1011.6773 103.0000 0 0 60 0
 3000218 617.0388 1009.5695 103.0000 0 0 60 0
 3000219 625.8284 1007.8051 103.0000 0 0 60 0
 3000220 632.3186 1006.4094 103.0000 0 0 60 0
 3000221 638.1012 1004.6096 103.0000 0 0 60 0
 3000222 643.6512 1002.4114 103.0000 0 0 60 0
 3000223 651.1419 999.3813 103.0000 0 0 60 0
 3000224 655.5497 997.3913 103.0000 0 0 60 0

LISS
 3000225 500.9506 1038.1361 106.0000 0 0 60 0
 3000226 508.7933 1038.8297 106.0000 0 0 60 0
 3000227 517.4690 1038.6785 106.0000 0 0 60 0
 3000228 527.0484 1038.3954 106.0000 0 0 60 0
 3000229 536.1035 1038.2803 106.0000 0 0 60 0
 3000230 543.3702 1038.1599 106.0000 0 0 60 0
 3000231 551.7140 1037.9573 106.0000 0 0 60 0
 3000232 559.6859 1037.0855 106.0000 0 0 60 0
 3000233 568.2469 1035.9198 106.0000 0 0 60 0
 3000234 576.8079 1034.7542 106.0000 0 0 60 0
 3000235 584.6368 1033.9282 106.0000 0 0 60 0
 3000236 588.7724 1033.5495 106.0000 0 0 60 0
 3000237 596.7268 1031.4745 106.0000 0 0 60 0
 3000238 606.5248 1028.7564 106.0000 0 0 60 0
 3000239 618.7388 1026.5258 106.0000 0 0 60 0
 3000240 629.2771 1025.4626 106.0000 0 0 60 0
 3000241 637.9126 1024.6935 106.0000 0 0 60 0
 3000242 644.5879 1023.7115 106.0000 0 0 60 0
 3000243 650.3973 1022.3236 106.0000 0 0 60 0
 3000244 655.9741 1020.5373 106.0000 0 0 60 0
 3000245 662.2371 1018.2683 106.0000 0 0 60 0

LISS
 3000246 474.6544 1043.9841 107.0000 0 0 60 0
 3000247 484.9871 1044.2481 107.0000 0 0 60 0
 3000248 495.1654 1044.1936 107.0000 0 0 60 0
 3000249 505.4561 1043.9980 107.0000 0 0 60 0
 3000250 517.1845 1044.0251 107.0000 0 0 60 0
 3000251 526.5830 1044.3255 107.0000 0 0 60 0
 3000252 533.8287 1044.6323 107.0000 0 0 60 0
 3000253 540.6816 1044.6971 107.0000 0 0 60 0
 3000254 549.7882 1044.2501 107.0000 0 0 60 0
 3000255 557.2242 1043.1821 107.0000 0 0 60 0
 3000256 566.2979 1041.4843 107.0000 0 0 60 0
 3000257 575.9399 1039.9199 107.0000 0 0 60 0
 3000258 583.6429 1039.0291 107.0000 0 0 60 0
 3000259 591.4260 1038.0601 107.0000 0 0 60 0
 3000260 598.9019 1036.2961 107.0000 0 0 60 0
 3000261 605.8114 1034.2405 107.0000 0 0 60 0
 3000262 612.6505 1032.7855 107.0000 0 0 60 0
 3000263 621.3489 1032.0489 107.0000 0 0 60 0
 3000264 628.6784 1031.9610 107.0000 0 0 60 0
 3000265 637.4855 1031.3997 107.0000 0 0 60 0
 3000266 646.0923 1030.3771 107.0000 0 0 60 0
 3000267 653.7741 1028.5997 107.0000 0 0 60 0
 3000268 659.1755 1026.9220 107.0000 0 0 60 0
 3000269 663.2917 1025.4984 107.0000 0 0 60 0

LISS
 3000270 474.1889 1049.9143 108.0000 0 0 60 0
 3000271 482.6340 1050.0980 108.0140 0 0 60 0
 3000272 490.2094 1049.7227 108.0000 0 0 60 0
 3000273 497.1424 1049.7093 108.0000 0 0 60 0
 3000274 506.8287 1049.7598 108.0000 0 0 60 0
 3000275 515.8496 1049.8659 108.0000 0 0 60 0
 3000276 526.1652 1050.2404 108.0000 0 0 60 0
 3000277 535.0107 1050.4552 108.0000 0 0 60 0
 3000278 542.2602 1050.4455 108.0000 0 0 60 0
 3000279 548.8174 1050.0794 108.0000 0 0 60 0
 3000280 557.4279 1048.7402 108.0000 0 0 60 0
 3000281 564.9306 1047.3880 108.0000 0 0 60 0
 3000282 575.5583 1045.4553 108.0000 0 0 60 0
 3000283 583.4691 1044.3928 108.0000 0 0 60 0
 3000284 591.1740 1043.3438 108.0000 0 0 60 0
 3000285 597.9654 1041.9041 108.0000 0 0 60 0
 3000286 606.9341 1039.7144 108.0000 0 0 60 0
 3000287 616.4979 1038.0699 108.0000 0 0 60 0
 3000288 625.8923 1037.3731 108.0000 0 0 60 0
 3000289 633.2047 1037.3958 108.0000 0 0 60 0
 3000290 640.3950 1037.0371 108.0000 0 0 60 0
 3000291 646.6052 1036.5720 108.0000 0 0 60 0
 3000292 652.9486 1035.5386 108.0000 0 0 60 0
 3000293 659.1681 1034.2821 108.0000 0 0 60 0
 3000294 664.2797 1033.0126 108.0000 0 0 60 0

LISS
 3000295 475.0428 1055.3692 109.0000 0 0 60 0
 3000296 487.5149 1055.4209 109.0000 0 0 60 0
 3000297 498.8773 1055.6178 109.0000 0 0 60 0
 3000298 511.9769 1056.1517 109.0000 0 0 60 0
 3000299 525.5873 1056.3117 109.0000 0 0 60 0
 3000300 537.1441 1056.1310 109.0000 0 0 60 0
 3000301 545.7416 1055.8997 109.0000 0 0 60 0
 3000302 553.5839 1055.2796 109.0000 0 0 60 0
 3000303 561.3878 1053.8835 109.0000 0 0 60 0
 3000304 569.4644 1052.1898 109.0000 0 0 60 0
 3000305 579.0758 1050.5300 109.0000 0 0 60 0
 3000306 586.4776 1049.6832 109.0000 0 0 60 0
 3000307 591.9631 1048.9246 109.0000 0 0 60 0
 3000308 597.9003 1047.4432 109.0000 0 0 60 0
 3000309 604.0263 1046.0591 109.0000 0 0 60 0
 3000310 612.2555 1044.8421 109.0000 0 0 60 0
 3000311 619.8766 1044.1877 109.0000 0 0 60 0
 3000312 628.3806 1043.8287 109.0000 0 0 60 0
 3000313 636.5815 1043.6718 109.0000 0 0 60 0
 3000314 643.9472 1043.2044 109.0000 0 0 60 0
 3000315 651.2670 1042.5941 109.0000 0 0 60 0
 3000316 657.6258 1041.6083 109.0000 0 0 60 0
 3000317 663.0673 1040.5485 109.0000 0 0 60 0

LISS
 3000318 458.4531 1064.9403 111.0000 0 0 60 0
 3000319 468.7858 1065.2042 111.0000 0 0 60 0
 3000320 479.0672 1065.7999 111.0000 0 0 60 0
 3000321 490.6166 1066.2523 111.0000 0 0 60 0

LISS
 3000322 516.5073 1062.5837 111.0000 0 0 60 0
 3000323 527.6563 1063.4271 111.0000 0 0 60 0
 3000324 536.5823 1064.8774 111.0000 0 0 60 0
 3000325 544.9173 1066.7798 111.0000 0 0 60 0
 3000326 551.2879 1067.4720 111.0000 0 0 60 0
 3000327 557.4981 1067.0069 111.0000 0 0 60 0
 3000328 565.1322 1065.2447 111.0000 0 0 60 0
 3000329 573.6433 1062.9389 111.0000 0 0 60 0
 3000330 580.9095 1061.5048 111.0000 0 0 60 0
 3000331 588.5038 1060.4386 111.0000 0 0 60 0
 3000332 593.8653 1059.4570 111.0000 0 0 60 0
 3000333 600.6701 1058.2232 111.0000 0 0 60 0
 3000334 611.7976 1056.8662 111.0000 0 0 60 0
 3000335 624.3400 1056.3172 111.0000 0 0 60 0
 3000336 635.3781 1055.8297 111.0000 0 0 60 0
 3000337 645.2472 1055.1384 111.0000 0 0 60 0
 3000338 655.1659 1054.2737 111.0000 0 0 60 0
 3000339 663.6852 1053.9623 111.0000 0 0 60 0

LISS
 3000340 421.3847 1074.2389 112.0000 0 0 60 0
 3000341 430.5351 1074.0932 112.0000 0 0 60 0
 3000342 439.7102 1073.2039 112.0000 0 0 60 0
 3000343 448.1244 1072.4006 112.0000 0 0 60 0
 3000344 458.0394 1071.8524 112.0000 0 0 60 0
 3000345 463.8187 1071.6829 112.0000 0 0 60 0
 3000346 470.6850 1071.9535 112.0000 0 0 60 0

LISS
 3000347 501.0067 1067.0234 112.0000 0 0 60 0
 3000348 508.0011 1068.5143 112.0000 0 0 60 0
 3000349 516.7554 1069.7569 112.0000 0 0 60 0
 3000350 525.9118 1070.4502 112.0000 0 0 60 0
 3000351 534.4505 1071.1837 112.0000 0 0 60 0
 3000352 542.5277 1072.1175 112.0000 0 0 60 0
 3000353 551.8290 1072.6068 112.0000 0 0 60 0
 3000354 559.3280 1071.5711 112.0000 0 0 60 0
 3000355 569.6008 1068.8586 112.0000 0 0 60 0
 3000356 579.6907 1066.8879 112.0000 0 0 60 0
 3000357 590.1870 1065.3652 112.0000 0 0 60 0
 3000358 602.0007 1063.5255 112.0000 0 0 60 0
 3000359 610.7389 1062.0929 112.0000 0 0 60 0
 3000360 621.5882 1061.5082 112.0000 0 0 60 0
 3000361 631.9627 1060.9179 112.0000 0 0 60 0
 3000362 638.4644 1059.8863 112.0000 0 0 60 0
 3000363 646.7375 1058.9706 112.0000 0 0 60 0
 3000364 654.3854 1058.7281 112.0000 0 0 60 0
 3000365 665.2768 1058.6029 112.0000 0 0 60 0

LISS
 3000366 397.1767 1081.5202 113.0000 0 0 60 0
 3000367 407.6752 1081.1529 113.0000 0 0 60 0
 3000368 418.6637 1080.8389 113.0000 0 0 60 0
 3000369 429.1928 1080.5670 113.0000 0 0 60 0
 3000370 438.7838 1080.6481 113.0000 0 0 60 0

LISS
 3000371 487.6547 1070.4594 113.0000 0 0 60 0
 3000372 495.9480 1073.2161 113.0000 0 0 60 0
 3000373 503.1922 1074.9949 113.0000 0 0 60 0
 3000374 511.8225 1076.0144 113.0000 0 0 60 0
 3000375 520.8911 1076.1052 113.0000 0 0 60 0
 3000376 534.9152 1076.0801 113.0000 0 0 60 0
 3000377 544.5423 1075.7817 113.0000 0 0 60 0
 3000378 553.9922 1075.7504 113.0000 0 0 60 0
 3000379 561.0376 1075.5958 113.0000 0 0 60 0
 3000380 567.0150 1074.7322 113.0000 0 0 60 0
 3000381 574.5423 1072.6364 113.0000 0 0 60 0
 3000382 579.1352 1071.0601 113.0000 0 0 60 0
 3000383 587.0021 1069.6963 113.0000 0 0 60 0
 3000384 593.8929 1069.2234 113.0000 0 0 60 0
 3000385 601.0869 1068.5482 113.0000 0 0 60 0
 3000386 607.4762 1067.6578 113.0000 0 0 60 0
 3000387 614.0774 1067.5929 113.0000 0 0 60 0
 3000388 623.2852 1067.9544 113.0000 0 0 60 0
 3000389 631.4652 1068.2247 113.0000 0 0 60 0
 3000390 637.8739 1068.3792 113.0000 0 0 60 0
 3000391 643.9239 1068.0704 113.0000 0 0 60 0
 3000392 650.8490 1067.3763 113.0000 0 0 60 0
 3000393 657.4614 1066.3618 113.0000 0 0 60 0
 3000394 662.7030 1066.1544 113.0000 0 0 60 0

LISS
 3000395 401.1940 1087.1706 114.0000 0 0 60 0
 3000396 408.0488 1087.0771 114.0000 0 0 60 0
 3000397 416.0247 1087.2025 114.0000 0 0 60 0

LISS
 3000398 472.6289 1074.9046 114.0000 0 0 60 0
 3000399 481.1943 1076.0500 114.0000 0 0 60 0
 3000400 489.6094 1077.8742 114.0000 0 0 60 0
 3000401 496.9985 1079.4489 114.0000 0 0 60 0
 3000402 503.6820 1080.4614 114.0000 0 0 60 0
 3000403 512.2854 1081.0690 114.0000 0 0 60 0
 3000404 521.6858 1081.2112 114.0000 0 0 60 0
 3000405 534.4762 1081.1083 114.0000 0 0 60 0
 3000406 545.1408 1081.4236 114.0000 0 0 60 0
 3000407 552.3408 1081.5874 114.0000 0 0 60 0
 3000408 558.4690 1081.3587 114.0000 0 0 60 0
 3000409 565.7278 1080.5577 114.0000 0 0 60 0
 3000410 573.5030 1078.9080 114.0000 0 0 60 0
 3000411 579.1066 1077.5335 114.0000 0 0 60 0
 3000412 586.0831 1076.5075 114.0000 0 0 60 0
 3000413 595.5747 1075.6219 114.0000 0 0 60 0
 3000414 605.0815 1074.7840 114.0000 0 0 60 0
 3000415 612.0371 1074.1852 114.0000 0 0 60 0
 3000416 619.7443 1074.2916 114.0000 0 0 60 0
 3000417 627.3047 1074.7604 114.0000 0 0 60 0
 3000418 634.9318 1074.9450 114.0000 0 0 60 0
 3000419 641.6606 1074.7867 114.0000 0 0 60 0
 3000420 648.8833 1074.3651 114.0000 0 0 60 0
 3000421 654.5595 1073.5454 114.0000 0 0 60 0

LISS
 3000422 377.0357 1107.7325 116.0000 0 0 60 0
 3000423 383.2332 1102.9619 116.0000 0 0 60 0
 3000424 390.0432 1099.9396 116.0000 0 0 60 0
 3000425 398.9796 1097.8129 116.0000 0 0 60 0
 3000426 412.1186 1096.3370 116.0000 0 0 60 0
 3000427 424.8860 1095.5058 116.0000 0 0 60 0
 3000428 438.6889 1095.4465 116.0000 0 0 60 0
 3000429 448.1842 1094.2443 116.0000 0 0 60 0
 3000430 457.6508 1092.7886 116.0000 0 0 60 0
 3000431 465.7009 1091.9969 116.0000 0 0 60 0
 3000432 474.0601 1091.8419 116.0000 0 0 60 0
 3000433 484.4975 1091.2840 116.0000 0 0 60 0
 3000434 497.9266 1090.7138 116.0000 0 0 60 0
 3000435 511.3061 1090.3171 116.0000 0 0 60 0
 3000436 524.1406 1090.5154 116.0000 0 0 60 0
 3000437 535.3961 1090.3787 116.0000 0 0 60 0
 3000438 548.4383 1090.4054 116.0000 0 0 60 0
 3000439 559.2917 1090.8179 116.0000 0 0 60 0
 3000440 568.9770 1091.5480 116.0610 0 0 60 0
 3000441 575.7906 1090.3154 116.0000 0 0 60 0
 3000442 585.5928 1088.5946 116.0000 0 0 60 0
 3000443 600.2019 1087.2785 116.0000 0 0 60 0
 3000444 608.5190 1086.6640 116.0000 0 0 60 0
 3000445 616.6149 1086.0152 116.0000 0 0 60 0
 3000446 626.5853 1086.1324 116.0000 0 0 60 0
 3000447 633.8806 1086.2657 116.0000 0 0 60 0
 3000448 640.8478 1086.0310 116.0000 0 0 60 0

LISS
 3000449 379.5739 1115.3283 117.0000 0 0 60 0
 3000450 385.6362 1111.2842 117.0000 0 0 60 0
 3000451 392.3740 1109.0208 117.0000 0 0 60 0
 3000452 400.5097 1107.6761 117.0000 0 0 60 0
 3000453 409.3072 1106.5924 117.0000 0 0 60 0
 3000454 418.6632 1105.1195 117.0000 0 0 60 0
 3000455 428.8924 1103.4195 117.0000 0 0 60 0
 3000456 441.4956 1101.7475 117.0000 0 0 60 0
 3000457 454.8100 1100.1629 117.0000 0 0 60 0
 3000458 468.1836 1098.9272 117.0000 0 0 60 0
 3000459 481.7002 1097.6457 117.0000 0 0 60 0
 3000460 495.3579 1096.4767 117.0000 0 0 60 0
 3000461 509.8528 1095.4600 117.0000 0 0 60 0
 3000462 521.9760 1095.5709 117.0000 0 0 60 0
 3000463 532.4573 1095.3142 117.0000 0 0 60 0
 3000464 542.4315 1095.1149 117.0000 0 0 60 0
 3000465 554.2344 1095.5386 117.0000 0 0 60 0
 3000466 565.1984 1095.9682 117.0000 0 0 60 0
 3000467 575.9847 1095.3511 117.0000 0 0 60 0
 3000468 588.8549 1093.8563 117.0000 0 0 60 0
 3000469 602.4802 1092.7502 117.0000 0 0 60 0
 3000470 616.8950 1091.8117 117.0000 0 0 60 0
 3000471 626.6785 1091.6734 117.0000 0 0 60 0
 3000472 634.0978 1092.0297 117.0000 0 0 60 0

LISS
 3000473 382.7008 1121.3165 118.0000 0 0 60 0
 3000474 392.2374 1117.9464 118.0000 0 0 60 0
 3000475 401.1261 1115.8349 118.0000 0 0 60 0
 3000476 412.6099 1113.7856 118.0000 0 0 60 0
 3000477 425.8956 1111.9474 118.0000 0 0 60 0
 3000478 438.2642 1110.0352 118.0000 0 0 60 0
 3000479 446.6553 1108.5035 118.0000 0 0 60 0
 3000480 455.6910 1107.1350 118.0740 0 0 60 0
 3000481 464.5932 1105.4379 118.0000 0 0 60 0
 3000482 478.5064 1104.0820 118.0000 0 0 60 0
 3000483 490.9647 1102.6139 118.0000 0 0 60 0
 3000484 501.9320 1101.4133 118.0000 0 0 60 0
 3000485 513.6049 1100.7749 118.0000 0 0 60 0
 3000486 526.0007 1100.5883 118.0000 0 0 60 0
 3000487 535.3608 1100.1127 118.0000 0 0 60 0
 3000488 544.4997 1099.6028 118.0000 0 0 60 0
 3000489 552.8228 1099.8273 118.0000 0 0 60 0
 3000490 561.0125 1100.6200 118.0000 0 0 60 0
 3000491 571.7095 1100.8724 118.0000 0 0 60 0
 3000492 582.4347 1100.0646 118.0000 0 0 60 0
 3000493 592.7842 1098.9042 118.0000 0 0 60 0
 3000494 607.5021 1097.7635 118.0000 0 0 60 0
 3000495 617.5906 1097.2648 118.0000 0 0 60 0
 3000496 627.9253 1097.3705 118.0000 0 0 60 0

LISS
 3000497 385.1858 1129.4023 119.0000 0 0 60 0
 3000498 394.9834 1125.3705 119.0000 0 0 60 0
 3000499 405.8796 1122.1430 119.0000 0 0 60 0
 3000500 418.0325 1119.7216 119.0000 0 0 60 0
 3000501 430.6871 1117.7178 119.0000 0 0 60 0
 3000502 443.7114 1115.2276 119.0000 0 0 60 0
 3000503 457.1628 1112.7582 119.0000 0 0 60 0
 3000504 470.7326 1110.9867 119.0000 0 0 60 0
 3000505 484.6019 1109.3295 119.0000 0 0 60 0
 3000506 497.7465 1107.3789 119.0000 0 0 60 0
 3000507 513.6199 1106.2359 119.0000 0 0 60 0
 3000508 526.3548 1105.4676 119.0000 0 0 60 0
 3000509 537.9038 1104.6062 119.0000 0 0 60 0
 3000510 548.5207 1104.9367 119.0000 0 0 60 0
 3000511 558.3902 1105.5593 119.0000 0 0 60 0
 3000512 567.2510 1105.8217 119.0000 0 0 60 0
 3000513 580.0128 1105.4653 119.0000 0 0 60 0
 3000514 590.5817 1104.4974 119.0000 0 0 60 0
 3000515 601.9150 1103.1269 119.0000 0 0 60 0
 3000516 612.9512 1102.7976 119.0000 0 0 60 0
 3000517 622.0655 1103.0314 119.0000 0 0 60 0

LISS
 3000518 539.7870 1115.4074 121.0000 0 0 60 0
 3000519 551.5289 1115.6404 121.0000 0 0 60 0
 3000520 561.9398 1115.9844 121.0000 0 0 60 0
 3000521 572.7035 1115.9526 121.0000 0 0 60 0
 3000522 582.0312 1115.5400 121.0000 0 0 60 0
 3000523 592.4246 1114.6808 121.0000 0 0 60 0
 3000524 600.4423 1113.9520 121.0000 0 0 60 0
 3000525 609.7339 1113.9188 121.0000 0 0 60 0

LISS
 3000526 542.1722 1121.2127 122.0000 0 0 60 0
 3000527 554.6882 1121.5656 122.0000 0 0 60 0
 3000528 565.9150 1121.1753 122.0000 0 0 60 0
 3000529 575.3668 1120.9857 122.0000 0 0 60 0
 3000530 587.4497 1120.4788 122.0000 0 0 60 0
 3000531 595.4179 1119.9235 122.0000 0 0 60 0
 3000532 603.0468 1119.9499 122.0000 0 0 60 0

LISS
 3000533 543.1825 1126.8278 123.0000 0 0 60 0
 3000534 555.5555 1127.2265 123.0000 0 0 60 0
 3000535 563.7583 1126.9114 123.0000 0 0 60 0
 3000536 573.1966 1126.5159 123.0000 0 0 60 0
 3000537 582.1393 1126.5419 123.0000 0 0 60 0
 3000538 589.6576 1126.5511 123.0000 0 0 60 0
 3000539 595.6239 1126.6371 123.0000 0 0 60 0

LISS
 3000540 544.8124 1132.2444 124.0000 0 0 60 0
 3000541 553.0859 1132.6424 124.0000 0 0 60 0
 3000542 560.3373 1132.4744 124.0000 0 0 60 0
 3000543 569.9357 1131.9225 124.0000 0 0 60 0
 3000544 577.5684 1131.6324 124.0000 0 0 60 0
 3000545 585.0696 1131.7522 124.0000 0 0 60 0
 3000546 590.3704 1131.8937 124.0000 0 0 60 0

LISS
 3000547 548.4581 1145.2665 126.0000 0 0 60 0
 3000548 558.4401 1145.7479 126.0000 0 0 60 0
 3000549 566.1815 1145.6332 126.0000 0 0 60 0
 3000550 572.1612 1145.9250 126.0000 0 0 60 0

PLU
5
LISS
 3000551 546.4178 1138.4047 125.0000 0 0 60 0
 3000552 558.0148 1138.8418 125.0000 0 0 60 0
 3000553 568.7192 1138.4611 125.0000 0 0 60 0
 3000554 582.0571 1138.9187 125.0000 0 0 60 0

LISS
 3000555 392.1851 1134.5180 120.0000 0 0 60 0
 3000556 404.1336 1130.6380 120.0000 0 0 60 0
 3000557 416.1320 1127.8984 120.0000 0 0 60 0
 3000558 429.0952 1125.2175 120.0000 0 0 60 0
 3000559 441.7609 1122.2640 120.0000 0 0 60 0
 3000560 452.5066 1119.7154 120.0000 0 0 60 0
 3000561 460.4725 1118.0046 120.0000 0 0 60 0
 3000562 471.9641 1116.6360 120.0000 0 0 60 0
 3000563 483.6788 1115.1434 120.0000 0 0 60 0
 3000564 493.5077 1113.8344 120.0000 0 0 60 0

LISS
 3000565 539.4153 1109.3249 120.0000 0 0 60 0
 3000566 552.8735 1110.3221 120.0000 0 0 60 0
 3000567 561.1586 1111.0842 120.0000 0 0 60 0
 3000568 569.5769 1111.2782 120.0000 0 0 60 0
 3000569 578.0389 1110.4596 120.0000 0 0 60 0
 3000570 588.0242 1109.3107 120.0000 0 0 60 0
 3000571 598.1469 1108.5909 120.0000 0 0 60 0
 3000572 607.8884 1107.9931 120.0000 0 0 60 0
 3000573 616.3734 1107.9029 120.0000 0 0 60 0

LISS
 3000574 438.1172 1083.4894 115.0000 0 0 60 0
 3000575 454.6791 1083.0193 115.0000 0 0 60 0
 3000576 470.9346 1084.3817 115.0000 0 0 60 0
 3000577 484.5339 1085.4913 115.0000 0 0 60 0
 3000578 497.4618 1085.8174 115.0000 0 0 60 0
 3000579 511.0931 1085.5503 115.0000 0 0 60 0
 3000580 526.0974 1085.6317 115.0000 0 0 60 0
 3000581 536.9697 1085.7753 115.0000 0 0 60 0
 3000582 549.6172 1085.7182 115.0000 0 0 60 0
 3000583 561.3285 1085.8559 115.0000 0 0 60 0
 3000584 567.5636 1085.9609 115.0000 0 0 60 0
 3000585 576.0654 1084.4464 115.0000 0 0 60 0
 3000586 587.3433 1082.4105 115.0000 0 0 60 0
 3000587 599.3536 1081.3487 115.0000 0 0 60 0
 3000588 609.6804 1080.7737 115.0000 0 0 60 0
 3000589 619.6315 1079.8460 115.0000 0 0 60 0
 3000590 629.5982 1080.2797 115.0000 0 0 60 0
 3000591 638.4418 1080.6528 115.0000 0 0 60 0
 3000592 647.2471 1080.2498 115.0000 0 0 60 0

LISS
 3000593 474.6131 1059.6062 110.0000 0 0 60 0
 3000594 490.5636 1061.3290 110.0000 0 0 60 0
 3000595 502.6012 1061.9929 110.0000 0 0 60 0
 3000596 509.9423 1062.2691 110.0000 0 0 60 0

LISS
 3000597 527.9203 1059.8213 110.0000 0 0 60 0
 3000598 536.7505 1059.9885 110.0000 0 0 60 0
 3000599 544.4294 1061.1551 110.0000 0 0 60 0
 3000600 551.7649 1061.9061 110.0000 0 0 60 0
 3000601 556.2494 1061.4681 110.0000 0 0 60 0
 3000602 562.3334 1059.6244 110.0000 0 0 60 0
 3000603 568.4821 1057.6549 110.0000 0 0 60 0
 3000604 575.2392 1056.4364 110.0000 0 0 60 0
 3000605 583.1635 1055.5798 110.0000 0 0 60 0
 3000606 590.2010 1054.7445 110.0000 0 0 60 0
 3000607 597.3891 1053.2304 110.0000 0 0 60 0
 3000608 605.0519 1051.7218 110.0000 0 0 60 0
 3000609 617.3311 1050.6791 110.0000 0 0 60 0
 3000610 630.8041 1050.4101 110.0000 0 0 60 0
 3000611 643.8195 1050.0249 110.0000 0 0 60 0
 3000612 653.4235 1048.9982 110.0000 0 0 60 0
 3000613 666.6463 1047.1276 110.0000 0 0 60 0

LISS
 3000614 478.6514 1032.5081 105.0000 0 0 60 0
 3000615 488.2960 1033.4129 105.0000 0 0 60 0
 3000616 495.5265 1033.6720 105.0000 0 0 60 0
 3000617 503.7940 1033.2311 105.0000 0 0 60 0
 3000618 512.4623 1033.7128 105.0000 0 0 60 0
 3000619 520.8270 1033.0831 105.0000 0 0 60 0
 3000620 529.2316 1031.7573 105.0000 0 0 60 0
 3000621 536.8527 1031.1030 105.0000 0 0 60 0
 3000622 545.6371 1031.1271 105.0000 0 0 60 0
 3000623 555.4017 1031.2578 105.0000 0 0 60 0
 3000624 563.5147 1030.4984 105.0000 0 0 60 0
 3000625 572.1233 1029.3175 105.0000 0 0 60 0
 3000626 580.1295 1028.2245 105.0000 0 0 60 0
 3000627 587.9852 1027.8104 105.0000 0 0 60 0
 3000628 593.9931 1027.0421 105.0000 0 0 60 0
 3000629 601.8883 1024.6182 105.0000 0 0 60 0
 3000630 610.0828 1022.3087 105.0000 0 0 60 0
 3000631 618.9525 1020.4661 105.0000 0 0 60 0
 3000632 628.4344 1019.0580 105.0000 0 0 60 0
 3000633 638.4216 1017.7509 105.0000 0 0 60 0
 3000634 647.2607 1015.8130 105.0000 0 0 60 0
 3000635 653.7394 1014.0530 105.0000 0 0 60 0
 3000636 661.0663 1011.4959 0.0000 0 0 60 0

LISS
 3000637 525.2380 1002.5547 100.0000 0 0 60 0
 3000638 534.1289 1001.5987 100.0000 0 0 60 0
 3000639 541.6126 1000.5154 100.0000 0 0 60 0
 3000640 548.7075 1000.1873 100.0000 0 0 60 0
 3000641 554.7862 1000.1321 100.0000 0 0 60 0

TRAI3
12
PLU
2
SIZT 1.5000 1.5000 386.6725 0.0000 1.0000
LISS
 3000642 380.0705 1098.6669 0.0000 0 0 60 0
 3000643 393.1898 1094.8324 0.0000 0 0 60 0
 3000644 411.2814 1089.4577 0.0000 0 0 60 0
 3000645 425.5219 1085.8422 0.0000 0 0 60 0
 3000646 438.1589 1082.6351 0.0000 0 0 60 0
 3000647 450.1726 1079.9431 0.0000 0 0 60 0
 3000648 460.9183 1077.3945 0.0000 0 0 60 0
 3000649 471.6219 1074.3863 0.0000 0 0 60 0
 3000650 482.9110 1071.4008 0.0000 0 0 60 0
 3000651 493.3629 1068.2631 0.0000 0 0 60 0
 3000652 500.4019 1065.9558 0.0000 0 0 60 0
 3000653 507.6566 1064.1575 0.0000 0 0 60 0
 3000654 515.5596 1062.4143 0.0000 0 0 60 0
 3000655 520.7323 1061.3355 0.0000 0 0 60 0
 3000656 524.6880 1060.5390 110.6690 0 0 60 0

SIZT 1.5000 1.5000 366.6002 0.0000 1.0000
LISS
 3000657 498.1430 1041.0760 106.6730 0 0 60 0
 3000658 502.7607 1033.6146 0.0000 0 0 60 0
 3000659 507.2184 1026.0378 0.0000 0 0 60 0
 3000660 511.7848 1018.6363 0.0000 0 0 60 0
 3000661 516.0786 1011.5324 0.0000 0 0 60 0
 3000662 519.6695 1006.3355 0.0000 0 0 60 0
 3000663 523.5578 1001.4111 0.0000 0 0 60 0
 3000664 526.8310 998.9962 0.0000 0 0 60 0
 3000665 531.7631 996.8382 0.0000 0 0 60 0
 3000666 537.9725 993.7456 0.0000 0 0 60 0
 3000667 543.7015 991.1221 0.0000 0 0 60 0
 3000668 547.6365 988.9682 0.0000 0 0 60 0

SIZT 1.5000 1.5000 338.4689 0.0000 1.0000
LISS
 3000669 497.9834 1030.6777 0.0000 0 0 60 0
 3000670 501.4882 1024.7200 0.0000 0 0 60 0
 3000671 504.1752 1019.6549 0.0000 0 0 60 0
 3000672 506.8511 1015.5393 0.0000 0 0 60 0
 3000673 511.9247 1008.0805 0.0000 0 0 60 0

TRAI3
0
LISS
 3000674 420.1771 1085.3994 0.0000 0 0 60 0
 3000675 436.8161 1081.0682 0.0000 0 0 60 0
 3000676 457.0910 1075.7825 0.0000 0 0 60 0
 3000677 470.6850 1071.9535 112.0000 0 0 60 0
 3000678 486.0829 1068.1775 0.0000 0 0 60 0
 3000679 498.8342 1064.6711 0.0000 0 0 60 0
 3000680 506.7048 1062.9908 0.0000 0 0 60 0
 3000681 512.0663 1062.0092 0.0000 0 0 60 0
 3000682 518.4630 1060.4857 0.0000 0 0 60 0
 3000683 523.8398 1059.5518 0.0000 0 0 60 0
 3000684 526.3530 1059.8504 0.0000 0 0 60 0

BLOC
91
PLAN complements/z
1
PLU
9
SEGM
 3000685 416.4560 1088.9630 115.4170 0 0 60 0
 3000686 432.8020 1084.5940 115.0870 0 0 60 0
 3000687 448.3280 1081.2050 114.8660 0 0 60 0
 3000688 464.4970 1076.9770 114.4730 0 0 60 0
 3000689 480.2310 1072.7900 113.7240 0 0 60 0
 3000690 497.7540 1067.2720 112.1530 0 0 60 0
 3000691 510.9710 1063.9390 111.2560 0 0 60 0

SEGM
 3000692 409.7160 1087.7010 114.1270 0 0 60 0
 3000693 429.4280 1082.3510 113.2680 0 0 60 0
 3000694 446.1200 1077.1160 112.7100 0 0 60 0

SEGM
 3000695 446.1200 1077.1160 112.7100 0 0 60 0
 3000696 462.3100 1073.5030 112.2690 0 0 60 0
 3000697 497.0450 1063.3950 110.2410 0 0 60 0

SEGM
 3000698 510.9710 1063.9390 111.2560 0 0 60 0
 3000699 524.6880 1060.5390 110.6690 0 0 60 0
 3000700 526.2500 1059.1030 109.7950 0 0 60 0
 3000701 521.2690 1058.7940 109.5200 0 0 60 0
 3000702 509.9590 1061.3950 109.9110 0 0 60 0
 3000703 497.0450 1063.3950 110.2410 0 0 60 0

SEGM
 3000704 525.5873 1056.3117 109.0000 0 0 60 0
 3000705 526.1652 1050.2404 108.0000 0 0 60 0
 3000706 526.5830 1044.3255 107.0000 0 0 60 0
 3000707 517.4690 1038.6785 106.0000 0 0 60 0
 3000708 520.8270 1033.0831 105.0000 0 0 60 0
 3000709 523.1152 1026.9369 104.0000 0 0 60 0
 3000710 525.6857 1021.0157 103.0000 0 0 60 0
 3000711 527.6135 1014.5646 102.0000 0 0 60 0
 3000712 531.2251 1008.9406 101.0000 0 0 60 0
 3000713 534.1289 1001.5987 100.0000 0 0 60 0
 3000714 542.8883 994.3257 99.0000 0 0 60 0

SEGM
 3000715 490.5636 1061.3290 110.0000 0 0 60 0
 3000716 487.5149 1055.4209 109.0000 0 0 60 0
 3000717 482.6340 1050.0980 108.0140 0 0 60 0
 3000718 484.9871 1044.2481 107.0000 0 0 60 0
 3000719 488.2960 1033.4129 105.0000 0 0 60 0
 3000720 489.4910 1021.1400 102.7680 0 0 60 0
 3000721 500.1610 1008.9310 100.5750 0 0 60 0
 3000722 500.0000 1000.0000 100.0000 0 0 60 0

SEGM
 3000723 496.9930 1027.6390 103.7210 0 0 60 0
 3000724 505.2370 1014.5660 101.4800 0 0 60 0
 3000725 511.2820 1005.0730 100.0310 0 0 60 0

SEGM
 3000726 498.1430 1041.0760 106.6730 0 0 60 0
 3000727 505.5800 1028.9530 104.4560 0 0 60 0
 3000728 510.0849 1021.8612 103.0000 0 0 60 0
 3000729 514.4970 1015.4870 101.9900 0 0 60 0
 3000730 517.5020 1008.8900 100.8890 0 0 60 0
 3000731 522.6390 1002.7010 99.9790 0 0 60 0

SEGM
 3000732 518.9660 1002.9180 99.7010 0 0 60 0
 3000733 525.0310 997.8790 98.8000 0 0 60 0
 3000734 526.2910 997.0010 98.5730 0 0 60 0
 3000735 540.4070 991.3000 97.8300 0 0 60 0
 3000736 548.6000 987.4960 97.2150 0 0 60 0
 3000737 548.9750 989.3010 98.2750 0 0 60 0
 3000738 536.1340 994.8760 98.9740 0 0 60 0

SEGM
 3000739 496.9930 1027.6390 103.7210 0 0 60 0
 3000740 490.1370 1039.7070 106.1250 0 0 60 0

SEGM
 3000741 494.1430 1040.2520 106.2270 0 0 60 0
 3000742 499.8740 1032.1530 104.5250 0 0 60 0
 3000743 507.6620 1019.0630 102.3560 0 0 60 0
 3000744 513.4860 1009.9740 100.7460 0 0 60 0
 3000745 518.9660 1002.9180 99.7010 0 0 60 0

PURG
