
iter 500
isole  # plusieurs leves independants dans le meme fichier
#         les canevas doivent etre calculables par p57
tolz 0.20  # 200 mm / Dz
told 0.20  # 200 mm / distances, 400 mm sur geodesie et fermeture polygo
schema 10000 1.8 #ignore par p34, valide pour p44
gauss      # sortir le classement des ecarts
#
#
qd2 6.57895  # qd utilis‚ = 6.57895e-8
$p57 trilater #passer la main a P57 (passer a 0 sur pts d'appui)
#                 calcul en mode trilateration
#zoff
cgcdon si AV > 200 g (cercle a droite), AH=AH+200
# dans tous les cas si AV > 200, AV=400-AV
verif   # chercher les chemins les + courts entre les pts connus (p44)
### reduction au niveau zero (ellipsoide ou plan de reference)
# calcul des distances reduites au niveau zero (ou autre) a partir des Z de
# chaque point, voir P43 : entrees ex4.d34 et ex4.res par ex
# carnet reduit dans ex4.r43 = nouvelle entree pour p34
# le Zmoyen du 1er calcul doit etre fourni !!!!
#niveauzero 000 metres : plan de reference de la reduction
rayon 6372000  rayon de courbure en metres
###
#
Zmoyen 0000 metres
Zmoyen    0 metres
projection  0 mm/km
#       des XY de chaque point des zones Lambert 1,2,3,4 (10=moyenne 1,2,3)
#       la correction moyenne du 1er calcul doit etre fournie !!!!
#       nota : P43 prend en compte les corrections niveau ref et/ou Lambert
# tolpolygo 1 1296 3600 16 16 160
# tolpolygo 1 3600 400 200 2.0 5
tolpolygo 1 1600 400  81 0.5 5
tolangle 0.1000 #fermeture polygo
cordistance 0.000  metres par portee
epspoint 0.0003
epsbloc 0.00000010
colver 0.0000  # collimation verticale
#echelle1      # conserver les distances terrain
#tolerances pour le balancement des stations reprises debut
preprise 10000 0.010# poids=distance, 10000. par defaut, tolrahm 10 mm
# tolrahm : si d*ecartah < tolrahm ou ecartah < tolrah visee ok
# ecartah = ecart angulaire     
tolrah  .004
tolrav  .007
tolrdh  .0025
tolrdz  .019
#tolerances pour le balancement des stations reprises fin
tolechel 0.002 #tolerance/echelles locales (0.002 = 20cm a 100m)
parallaxe 0 #excentrement des axes optique et distancemetre en mm
 supiter1 # pas d'edition de la premiere iteration
 supitern # pas d'edition de la derniere iteration
codification  1  # type du fichier N X Y Z code(s) , 1 ou 2 ou 3 ....
# 1 >  N X Y Z cccliiii         (0 a gauche de la zone cccliiii )
# 2 >  N X Y Z ccc l j iii      (code point avec 0 a gauche)
# 3 >  N X Y Z ccc l iiii       (code point avec 0 a gauche)
# 4 >  N X Y Z c1 c2 c3 c4 c5   (c1=code points, autres = infos)
#       pas de zeros a gauche des zones c1 a c5. Le type 4 est active
#       si au moins l'une des zones c2 a c5 est differente de 0 .
#distpente # les distances sont suivant la pente
#pdist57
geodesie
 19662 0 0 10
 19661 0 0 20
 2227 0 0 30
 2201 0 0 40
 2192 0 0 50
 2142 0 0 60
 2016 0 0 70
 1996 0 0 80
 1973 0 0 90
 1698 0 0 100
 1672 0 0 110
 1623 0 0 120
 1491 0 0 130
 1423 0 0 140
 1297 0 0 150
999999
P33V36
	ns        np       dh        ah        av      lm      ht
      2227     22271    15.04103  39.31887  96.85516   0.000   1.500        0
         0     22271    15.04104  39.31917  96.85641   0.000   1.500        0
         0     22271    15.04139 239.31933 303.14824   0.000   1.500        0
         0     22271    15.04139 239.31915 303.14817   0.000   1.500        0
         0     22272    14.44759 247.81209 320.12854   0.000   1.500        0
         0     22272    14.44759 247.81211 320.12852   0.000   1.500        0
         0     22272    14.44799  47.81197  79.87554   0.000   1.500        0
         0     22272    14.44811  47.81140  79.87583   0.000   1.500        0
         0     22273    14.64271  71.33757  84.99629   0.000   1.500        0
         0     22273    14.64270  71.33756  84.99606   0.000   1.500        0
         0     22273    14.64227 271.33874 315.00823   0.000   1.500        0
         0     22273    14.64236 271.33996 315.00833   0.000   1.500        0
         0     22274    14.63576 273.29699 298.68099   0.000   1.500        0
         0     22274    14.63596 273.29956 298.68098   0.000   1.500        0
         0     22274    14.63374  73.29842 101.32308   0.000   1.500        0
         0     22274    14.63374  73.29832 101.32224   0.000   1.500        0
         0     22271    15.04103  39.31963  96.85514   0.000   1.500        0
         0     22271    15.04103  39.31942  96.85486   0.000   1.500        0
         0     22271    15.04138 239.31981 303.14877   0.000   1.500        0
         0     22271    15.04138 239.31954 303.14871   0.000   1.500        0
      2201     22011    15.77007  57.13149  98.22496   0.000   1.500        0
         0     22011    15.77027  57.13130  98.22544   0.000   1.500        0
         0     22011    15.77084 257.13182 301.77851   0.000   1.500        0
         0     22011    15.77084 257.13139 301.77923   0.000   1.500        0
         0     22011    15.77083 257.13152 301.77995   0.000   1.500        0
         0     22012    15.18411 264.01340 317.88533   0.000   1.500        0
         0     22012    15.18393 264.01353 317.88657   0.000   1.500        0
         0     22012    15.18393 264.01354 317.88660   0.000   1.500        0
         0     22012    15.18393 264.01358 317.88657   0.000   1.500        0
         0     22012    15.18510  64.01158  82.11793   0.000   1.500        0
         0     22012    15.18510  64.01172  82.11789   0.000   1.500        0
         0     22012    15.18506  64.01138  82.11736   0.000   1.500        0
         0     22012    15.18517  64.01178  82.11743   0.000   1.500        0
         0     22013    15.35947  87.46622  86.39144   0.000   1.500        0
         0     22013    15.35947  87.46593  86.39147   0.000   1.500        0
         0     22013    15.35943  87.46600  86.39075   0.000   1.500        0
         0     22013    15.35943  87.46598  86.39076   0.000   1.500        0
         0     22013    15.35938 287.46413 313.61216   0.000   1.500        0
         0     22013    15.35918 287.46410 313.61220   0.000   1.500        0
         0     22013    15.35932 287.46592 313.61330   0.000   1.500        0
         0     22013    15.35922 287.46634 313.61332   0.000   1.500        0
         0     22014    15.43659 289.57165 298.39507   0.000   1.500        0
         0     22014    15.43670 289.57172 298.39536   0.000   1.500        0
         0     22014    15.43637  89.57145 101.60861   0.000   1.500        0
         0     22014    15.43647  89.57142 101.60822   0.000   1.500        0
         0     22011    15.77017  57.13088  98.22480   0.000   1.500        0
         0     22011    15.77016  57.13083  98.22416   0.000   1.500        0
         0     22011    15.77084 257.13092 301.77897   0.000   1.500        0
         0     22011    15.77085 257.13125 301.77827   0.000   1.500        0
      2192     21921    13.83964  39.70302  97.09141   0.000   1.500        0
         0     21921    13.83954  39.70335  97.09145   0.000   1.500        0
         0     21921    13.83942 239.70327 302.91078   0.000   1.500        0
         0     21921    13.83940 239.70194 302.91255   0.000   1.500        0
         0     21922    13.09111 246.45365 320.63697   0.000   1.500        0
         0     21922    13.09113 246.45458 320.63809   0.000   1.500        0
         0     21922    13.09117 246.45461 320.63756   0.000   1.500        0
         0     21922    13.09119 246.45461 320.63731   0.000   1.500        0
         0     21922    13.09078  46.45437  79.36644   0.000   1.500        0
         0     21922    13.09071  46.45425  79.36537   0.000   1.500        0
         0     21922    13.09066  46.45427  79.36467   0.000   1.500        0
         0     21922    13.09069  46.45419  79.36518   0.000   1.500        0
         0     21923    12.93111  74.66462  83.20734   0.000   1.500        0
         0     21923    12.93122  74.66571  83.20753   0.000   1.500        0
         0     21923    12.93087 274.66605 316.79346   0.000   1.500        0
         0     21923    12.93080 274.66634 316.79475   0.000   1.500        0
         0     21924    12.45588 278.03621 298.71922   0.000   1.500        0
         0     21924    12.45588 278.03611 298.71908   0.000   1.500        0
         0     21924    12.45537  78.03598 101.28276   0.000   1.500        0
         0     21924    12.45547  78.03808 101.28251   0.000   1.500        0
         0     21921    13.83974  39.70332  97.09122   0.000   1.500        0
         0     21921    13.83954  39.70348  97.09146   0.000   1.500        0
         0     21921    13.83932 239.70338 302.91116   0.000   1.500        0
         0     21921    13.83932 239.70315 302.91135   0.000   1.500        0
      2142     21421    17.47618 319.41361  93.92326   0.000   1.500        0
         0     21421    17.47620 319.41382  93.92415   0.000   1.500        0
         0     21421    17.47618 119.41406 306.08051   0.000   1.500        0
         0     21421    17.47619 119.41375 306.08004   0.000   1.500        0
         0     21422    17.23789 125.57002 317.55756   0.000   1.500        0
         0     21422    17.23787 125.56965 317.55782   0.000   1.500        0
         0     21422    17.23905 325.56943  82.44628   0.000   1.500        0
         0     21422    17.23909 325.57010  82.44558   0.000   1.500        0
         0     21423    16.97979 347.14923  85.80365   0.000   1.500        0
         0     21423    16.97985 347.14901  85.80454   0.000   1.500        0
         0     21423    16.97903 147.14912 314.19930   0.000   1.500        0
         0     21423    16.97906 147.14919 314.19886   0.000   1.500        0
         0     21424    16.98761 148.59201 300.20248   0.000   1.500        0
         0     21424    16.98751 148.59236 300.20343   0.000   1.500        0
         0     21424    16.98702 348.59243  99.79991   0.000   1.500        0
         0     21424    16.98701 348.59214  99.79845   0.000   1.500        0
         0     21421    17.47633 319.41386  93.92498   0.000   1.500        0
         0     21421    17.47631 319.41426  93.92451   0.000   1.500        0
         0     21421    17.47622 119.41385 306.07906   0.000   1.500        0
         0     21421    17.47632 119.41364 306.07901   0.000   1.500        0
      2016     20161    15.72678  41.65925  96.66393   0.000   1.500        0
         0     20161    15.72678  41.66080  96.66366   0.000   1.500        0
         0     20161    15.72673 241.66122 303.33983   0.000   1.500        0
         0     20161    15.72673 241.66129 303.33994   0.000   1.500        0
         0     20162    15.22951 248.58601 318.75269   0.000   1.500        0
         0     20162    15.22931 248.58630 318.75540   0.000   1.500        0
         0     20162    15.22993  48.58633  81.24910   0.000   1.500        0
         0     20162    15.23011  48.58631  81.25164   0.000   1.500        0
         0     20163    15.40473  72.05458  85.33485   0.000   1.500        0
         0     20163    15.40468  72.05451  85.33560   0.000   1.500        0
         0     20163    15.40429 272.05383 314.66782   0.000   1.500        0
         0     20163    15.40431 272.05431 314.66912   0.000   1.500        0
         0     20161    15.72662 241.66235 303.34116   0.000   1.500        0
         0     20161    15.72674 241.66100 303.33923   0.000   1.500        0
         0     20161    15.72677  41.66151  96.66281   0.000   1.500        0
         0     20161    15.72677  41.66165  96.66295   0.000   1.500        0
      1996     19961    11.43382  37.92699  97.62241   0.000   1.500        0
         0     19961    11.43381  37.92711  97.62033   0.000   1.500        0
         0     19961    11.43469 237.92710 302.38162   0.000   1.500        0
         0     19961    11.43469 237.92706 302.38167   0.000   1.500        0
         0     19962    10.78552 248.31897 325.82429   0.000   1.500        0
         0     19962    10.78547 248.31774 325.82247   0.000   1.500        0
         0     19962    10.78602  48.31792  74.18263   0.000   1.500        0
         0     19962    10.78594  48.31784  74.18269   0.000   1.500        0
         0     19963    10.90307  80.42123  80.39544   0.000   1.500        0
         0     19963    10.90314  80.42475  80.39316   0.000   1.500        0
         0     19963    10.90344 280.42207 319.60838   0.000   1.500        0
         0     19963    10.90341 280.42228 319.60881   0.000   1.500        0
         0     19964    11.16437 282.54312 297.41248   0.000   1.500        0
         0     19964    11.16438 282.54332 297.41389   0.000   1.500        0
         0     19964    11.16425  82.54397 102.59027   0.000   1.500        0
         0     19964    11.16425  82.54427 102.59032   0.000   1.500        0
         0     19961    11.43360  37.92650  97.61952   0.000   1.500        0
         0     19961    11.43469 237.92648 302.38224   0.000   1.500        0
     19661    196611    12.77421 379.21772  97.66577   0.000   1.500        0
         0    196611    12.77431 379.21697  97.66560   0.000   1.500        0
         0    196611    12.77437 179.21702 302.33931   0.000   1.500        0
         0    196611    12.77438 179.21643 302.33849   0.000   1.500        0
         0    196613    11.48081 218.03882 318.22359   0.000   1.500        0
         0    196613    11.48067 218.03533 318.22069   0.000   1.500        0
         0    196613    11.48160  18.03512  81.78416   0.000   1.500        0
         0    196613    11.48156  18.03512  81.78333   0.000   1.500        0
         0    196614    11.37455  20.73576 102.24009   0.000   1.500        0
         0    196614    11.37465  20.73675 102.24029   0.000   1.500        0
         0    196614    11.37398 220.73664 297.76451   0.000   1.500        0
         0    196614    11.37398 220.73673 297.76439   0.000   1.500        0
         0    196611    12.77438 179.21626 302.33864   0.000   1.500        0
         0    196611    12.77440 379.21655  97.66473   0.000   1.500        0
     19662    196621    12.23430 360.94519  97.64177   0.000   1.500        0
         0    196621    12.23430 360.94351  97.64193   0.000   1.500        0
         0    196621    12.23428 160.94330 302.36106   0.000   1.500        0
         0    196621    12.23427 160.94319 302.36252   0.000   1.500        0
         0    196622    11.61916 170.69413 323.51093   0.000   1.500        0
         0    196622    11.61898 170.69526 323.51087   0.000   1.500        0
         0    196622    11.62074 370.69515  76.49027   0.000   1.500        0
         0    196622    11.62103 370.69509  76.49301   0.000   1.500        0
         0    196623    11.69514   0.79092  82.17563   0.000   1.500        0
         0    196623    11.69514   0.79076  82.17573   0.000   1.500        0
         0    196623    11.69422 200.79086 317.82905   0.000   1.500        0
         0    196623    11.69423 200.79124 317.82871   0.000   1.500        0
         0    196621    12.23428 160.94427 302.36087   0.000   1.500        0
         0    196621    12.23631 360.94422  97.64256   0.000   1.500        0
      1973     19732    12.87173 328.04064  78.99940   0.000   1.500        0
         0     19732    12.87190 328.03975  79.00039   0.000   1.500        0
         0     19732    12.87141 128.03951 321.00117   0.000   1.500        0
         0     19732    12.87132 128.03903 321.00117   0.000   1.500        0
         0     19733    13.29495 154.89585 315.00131   0.000   1.500        0
         0     19733    13.29505 154.89695 315.00130   0.000   1.500        0
         0     19733    13.29509 354.89637  85.00325   0.000   1.500        0
         0     19733    13.29508 354.89635  85.00317   0.000   1.500        0
         0     19731    13.38731 319.14231  99.14973   0.000   1.500        0
         0     19731    13.38741 319.14228  99.15065   0.000   1.500        0
         0     19731    13.38771 119.14072 300.84976   0.000   1.500        0
         0     19731    13.38781 119.14132 300.85010   0.000   1.500        0
         0     19734    13.43418 156.97299 298.07869   0.000   1.500        0
         0     19734    13.43417 156.97307 298.07665   0.000   1.500        0
         0     19734    13.43365 356.97330 101.92610   0.000   1.500        0
         0     19734    13.43365 356.97299 101.92561   0.000   1.500        0
         0     19732    12.87185 328.04126  78.99968   0.000   1.500        0
         0     19732    12.87131 128.04006 321.00260   0.000   1.500        0
      1698     16981    17.73362  41.05593  96.60305   0.000   1.500        0
         0     16981    17.73363  41.05582  96.60360   0.000   1.500        0
         0     16981    17.73386 241.05614 303.40097   0.000   1.500        0
         0     16981    17.73386 241.05624 303.40098   0.000   1.500        0
         0     16982    17.24598 247.61226 317.41868   0.000   1.500        0
         0     16982    17.24589 247.61328 317.41864   0.000   1.500        0
         0     16982    17.24611  47.61362  82.58431   0.000   1.500        0
         0     16982    17.24623  47.61363  82.58452   0.000   1.500        0
         0     16983    17.14291  68.12258  86.29942   0.000   1.500        0
         0     16983    17.14281  68.12253  86.29943   0.000   1.500        0
         0     16983    17.14332 268.12367 313.70193   0.000   1.500        0
         0     16983    17.14331 268.12305 313.70200   0.000   1.500        0
         0     16984    17.24708 269.88143 300.08517   0.000   1.500        0
         0     16984    17.24698 269.88049 300.08494   0.000   1.500        0
         0     16984    17.24649  69.88314  99.91729   0.000   1.500        0
         0     16984    17.24649  69.88118  99.91622   0.000   1.500        0
         0     16981    17.73360  41.05756  96.60174   0.000   1.500        0
         0     16981    17.73386 241.05726 303.40153   0.000   1.500        0
      1672     16721    15.57809  55.63741  97.97147   0.000   1.500        0
         0     16721    15.57819  55.63881  97.97143   0.000   1.500        0
         0     16721    15.57787 255.63748 302.03116   0.000   1.500        0
         0     16721    15.57787 255.63832 302.03097   0.000   1.500        0
         0     16722    15.04907 262.87096 318.09455   0.000   1.500        0
         0     16722    15.04900 262.87483 318.09560   0.000   1.500        0
         0     16722    15.04973  62.87561  81.90667   0.000   1.500        0
         0     16722    15.04982  62.87553  81.90806   0.000   1.500        0
         0     16723    15.00324  86.51257  86.16756   0.000   1.500        0
         0     16723    15.00318  86.51079  86.16827   0.000   1.500        0
         0     16723    15.00274 286.51057 313.83269   0.000   1.500        0
         0     16723    15.00294 286.51165 313.83267   0.000   1.500        0
         0     16721    15.57776 255.63703 302.03250   0.000   1.500        0
         0     16721    15.57817  55.63961  97.96852   0.000   1.500        0
      1623     16231    16.73351 317.44251  98.21374   0.000   1.500        0
         0     16231    16.73360 317.44209  98.21202   0.000   1.500        0
         0     16231    16.73359 117.44240 301.78895   0.000   1.500        0
         0     16231    16.73349 117.44242 301.78883   0.000   1.500        0
         0     16232    16.24159 124.36420 317.00303   0.000   1.500        0
         0     16232    16.24159 124.36434 317.00302   0.000   1.500        0
         0     16232    16.24158 324.36326  82.99973   0.000   1.500        0
         0     16232    16.24159 324.36379  82.99987   0.000   1.500        0
         0     16233    16.19387 346.01055  87.09084   0.000   1.500        0
         0     16233    16.19387 346.01093  87.09091   0.000   1.500        0
         0     16233    16.19380 146.01096 312.91232   0.000   1.500        0
         0     16233    16.19371 146.01123 312.91224   0.000   1.500        0
         0     16231    16.73358 117.44414 301.79041   0.000   1.500        0
         0     16231    16.73348 117.44473 301.79003   0.000   1.500        0
         0     16231    16.73350 317.44429  98.21186   0.000   1.500        0
         0     16231    16.73350 317.44448  98.21186   0.000   1.500        0
      1491     14911    21.52417 185.64084  98.30516   0.000   1.500        0
         0     14911    21.52417 185.64105  98.30492   0.000   1.500        0
         0     14911    21.52524 385.63991 301.69834   0.000   1.500        0
         0     14911    21.52523 385.63987 301.69878   0.000   1.500        0
         0     14912    21.15477 391.00637 313.46309   0.000   1.500        0
         0     14912    21.15480 391.00599 313.46266   0.000   1.500        0
         0     14912    21.15543 191.00659  86.54071   0.000   1.500        0
         0     14912    21.15553 191.00650  86.54200   0.000   1.500        0
         0     14913    20.95227 207.67886  89.57984   0.000   1.500        0
         0     14913    20.95235 207.67873  89.57953   0.000   1.500        0
         0     14913    20.95260   7.67793 310.42492   0.000   1.500        0
         0     14913    20.95260   7.67801 310.42491   0.000   1.500        0
         0     14911    21.52525 385.64024 301.69731   0.000   1.500        0
         0     14911    21.52427 185.64073  98.30493   0.000   1.500        0
      1423     14231    22.95304  59.99969  98.12521   0.000   1.500        0
         0     14231    22.95295  59.99996  98.12536   0.000   1.500        0
         0     14231    22.95340 259.99872 301.87892   0.000   1.500        0
         0     14231    22.95340 259.99885 301.87890   0.000   1.500        0
         0     14231    22.95339 259.99896 301.87960   0.000   1.500        0
         0     14232    22.59075 265.34967 313.10505   0.000   1.500        0
         0     14232    22.59062 265.34899 313.10552   0.000   1.500        0
         0     14232    22.59115  65.34948  86.89638   0.000   1.500        0
         0     14232    22.59116  65.34918  86.89782   0.000   1.500        0
         0     14233    22.53287  80.59680  89.88695   0.000   1.500        0
         0     14233    22.53278  80.59678  89.88702   0.000   1.500        0
         0     14233    22.53235 280.59722 310.11522   0.000   1.500        0
         0     14233    22.53247 280.59705 310.11485   0.000   1.500        0
         0     14231    22.95331 260.00028 301.87817   0.000   1.500        0
         0     14231    22.95303  60.00025  98.12364   0.000   1.500        0
      1297     12971    23.92845 327.50574  98.13723   0.000   1.500        0
         0     12971    23.92845 327.50596  98.13685   0.000   1.500        0
         0     12971    23.92881 127.50556 301.86695   0.000   1.500        0
         0     12971    23.92881 127.50559 301.86700   0.000   1.500        0
         0     12972    23.25672 132.82721 313.08026   0.000   1.500        0
         0     12972    23.25671 132.82709 313.08031   0.000   1.500        0
         0     12972    23.25757 332.82652  86.92328   0.000   1.500        0
         0     12972    23.25750 332.82695  86.92231   0.000   1.500        0
         0     12973    23.72024 347.11439  90.24268   0.000   1.500        0
         0     12973    23.72024 347.11291  90.24274   0.000   1.500        0
         0     12973    23.72064 147.11286 309.76069   0.000   1.500        0
         0     12973    23.72054 147.11275 309.76075   0.000   1.500        0
         0     12974    23.83789 148.40480 299.41417   0.000   1.500        0
         0     12974    23.83809 148.40754 299.41396   0.000   1.500        0
         0     12974    23.83848 348.40514 100.58876   0.000   1.500        0
         0     12974    23.83848 348.40518 100.58877   0.000   1.500        0
         0     12971    23.92844 327.50849  98.13650   0.000   1.500        0
         0     12971    23.92872 127.50638 301.86613   0.000   1.500        0
