# Coordonnées moyennes
# Format: NOM X Y Z NB_OBS ECART_3D_MAX(mm)
#
01GCR.3D              823210.9224 1091509.7671  -124.2330   2   0.46
01GCR.3G              823215.0155 1091511.8758  -124.3363   2   0.58
20251124_183355       823216.2127 1091505.0082  -123.9505   1   0.00
52GV3.4G              823220.6935 1091507.9063  -124.5515   2   0.74
54GV3.9D              823224.9171 1091504.1748  -123.6867   2   0.26
A.LB.1572             823207.4463 1091502.3893  -121.9664   2   0.44
A.LB.1574             823208.9640 1091499.3712  -120.0495   2   0.51
B.1                   823220.6777 1091500.4585  -123.1797   3   0.12
B.2                   823219.2983 1091499.7933  -123.2336   3   0.07
B.3                   823218.4009 1091499.3208  -123.2595   3   0.00
B.4                   823217.5042 1091498.8737  -123.1803   3   0.10
B.5                   823216.2315 1091498.2524  -123.1909   3   0.18
C.143CGR.3            823202.1220 1091538.5341  -123.4267   2   0.27
C.530                 823209.9395 1091512.9037  -123.5722   3   0.10
C.530.GCR.3           823209.9385 1091512.9032  -123.5726   2   0.69
C.540                 823203.7045 1091535.0039  -125.1009   3   0.45
C.540GCR.2            823203.7046 1091535.0045  -125.1010   2   0.61
H.1                   823219.8824 1091501.8609  -120.4693   3   0.16
H.2                   823218.8150 1091501.3707  -120.2658   3   0.18
H.3                   823217.7660 1091500.6602  -120.5080   3   0.12
H.4                   823216.6413 1091500.3637  -120.2649   3   0.19
H.5                   823215.3876 1091499.7618  -120.5058   3   0.19
V.1                   823218.3351 1091502.6767  -119.7895   3   0.28
V.2                   823215.7673 1091501.6656  -119.7779   3   0.21
