   1.0000000e+00   0.0000000e+00   0.0000000e+00
   1.0000000e+00   4.0849673e-02   0.0000000e+00
   1.0000000e+00   8.1699346e-02   0.0000000e+00
   1.0000000e+00   1.2254902e-01   0.0000000e+00
   1.0000000e+00   1.6339869e-01   0.0000000e+00
   1.0000000e+00   2.0424837e-01   0.0000000e+00
   1.0000000e+00   2.4509804e-01   0.0000000e+00
   1.0000000e+00   2.8594771e-01   0.0000000e+00
   1.0000000e+00   3.2679739e-01   0.0000000e+00
   1.0000000e+00   3.6764706e-01   0.0000000e+00
   1.0000000e+00   4.0849673e-01   0.0000000e+00
   1.0000000e+00   4.4934641e-01   0.0000000e+00
   1.0000000e+00   4.9019608e-01   0.0000000e+00
   1.0000000e+00   5.3267974e-01   0.0000000e+00
   1.0000000e+00   5.7516340e-01   0.0000000e+00
   1.0000000e+00   6.1764706e-01   0.0000000e+00
   1.0000000e+00   6.6013072e-01   0.0000000e+00
   1.0000000e+00   7.0261438e-01   0.0000000e+00
   1.0000000e+00   7.4509804e-01   0.0000000e+00
   1.0000000e+00   7.8758170e-01   0.0000000e+00
   1.0000000e+00   8.3006536e-01   0.0000000e+00
   1.0000000e+00   8.7254902e-01   0.0000000e+00
   1.0000000e+00   9.1503268e-01   0.0000000e+00
   1.0000000e+00   9.5751634e-01   0.0000000e+00
   1.0000000e+00   1.0000000e+00   0.0000000e+00
   9.1666667e-01   1.0000000e+00   0.0000000e+00
   8.3333333e-01   1.0000000e+00   0.0000000e+00
   7.5000000e-01   1.0000000e+00   0.0000000e+00
   6.6666667e-01   1.0000000e+00   0.0000000e+00
   5.8333333e-01   1.0000000e+00   0.0000000e+00
   5.0000000e-01   1.0000000e+00   0.0000000e+00
   4.1666667e-01   1.0000000e+00   0.0000000e+00
   3.3333333e-01   1.0000000e+00   0.0000000e+00
   2.5000000e-01   1.0000000e+00   0.0000000e+00
   1.6666667e-01   1.0000000e+00   0.0000000e+00
   8.3333333e-02   1.0000000e+00   0.0000000e+00
   0.0000000e+00   1.0000000e+00   0.0000000e+00
   0.0000000e+00   1.0000000e+00   5.5555556e-02
   0.0000000e+00   1.0000000e+00   1.1111111e-01
   0.0000000e+00   1.0000000e+00   1.6666667e-01
   0.0000000e+00   1.0000000e+00   2.2222222e-01
   0.0000000e+00   1.0000000e+00   2.7777778e-01
   0.0000000e+00   1.0000000e+00   3.3333333e-01
   0.0000000e+00   1.0000000e+00   3.8888889e-01
   0.0000000e+00   1.0000000e+00   4.4444444e-01
   0.0000000e+00   1.0000000e+00   5.0000000e-01
   0.0000000e+00   1.0000000e+00   5.5555556e-01
   0.0000000e+00   1.0000000e+00   6.1111111e-01
   0.0000000e+00   1.0000000e+00   6.6666667e-01
   0.0000000e+00   9.7222222e-01   6.9444444e-01
   0.0000000e+00   9.4444444e-01   7.2222222e-01
   0.0000000e+00   9.1666667e-01   7.5000000e-01
   0.0000000e+00   8.8888889e-01   7.7777778e-01
   0.0000000e+00   8.6111111e-01   8.0555556e-01
   0.0000000e+00   8.3333333e-01   8.3333333e-01
   0.0000000e+00   8.0555556e-01   8.6111111e-01
   0.0000000e+00   7.7777778e-01   8.8888889e-01
   0.0000000e+00   7.5000000e-01   9.1666667e-01
   0.0000000e+00   7.2222222e-01   9.4444444e-01
   0.0000000e+00   6.9444444e-01   9.7222222e-01
   0.0000000e+00   6.6666667e-01   1.0000000e+00
   0.0000000e+00   6.1111111e-01   1.0000000e+00
   0.0000000e+00   5.5555556e-01   1.0000000e+00
   0.0000000e+00   5.0000000e-01   1.0000000e+00
   0.0000000e+00   4.4444444e-01   1.0000000e+00
   0.0000000e+00   3.8888889e-01   1.0000000e+00
   0.0000000e+00   3.3333333e-01   1.0000000e+00
   0.0000000e+00   2.7777778e-01   1.0000000e+00
   0.0000000e+00   2.2222222e-01   1.0000000e+00
   0.0000000e+00   1.6666667e-01   1.0000000e+00
   0.0000000e+00   1.1111111e-01   1.0000000e+00
   0.0000000e+00   5.5555556e-02   1.0000000e+00
   0.0000000e+00   0.0000000e+00   1.0000000e+00
